{
 "cells": [
  {
   "cell_type": "code",
   "execution_count": 38,
   "metadata": {},
   "outputs": [],
   "source": [
    "import requests\n",
    "import json"
   ]
  },
  {
   "cell_type": "code",
   "execution_count": 39,
   "metadata": {},
   "outputs": [],
   "source": [
    "# Get your private endpoint and credentials from our team - info@qapitan.com\n",
    "QAPITAN_PUBLIC_API = \"https://a52um7l0kf.execute-api.us-east-1.amazonaws.com/prd/\"\n",
    "PAYLOAD_USER = {\"username\": \"sergio@qapitan.com\", \"password\": \"qapitan\"}"
   ]
  },
  {
   "cell_type": "code",
   "execution_count": 40,
   "metadata": {},
   "outputs": [],
   "source": [
    "# This problem only admits one parameter. The size of the bitstring to randomly generate\n",
    "PAYLOAD_QRNG = {\n",
    "    \"data\": {\n",
    "        \"size\": 20\n",
    "    }\n",
    "}"
   ]
  },
  {
   "cell_type": "code",
   "execution_count": 41,
   "metadata": {},
   "outputs": [],
   "source": [
    "response = requests.post(QAPITAN_PUBLIC_API + '/login', json=PAYLOAD_USER)\n",
    "response_json = response.json()"
   ]
  },
  {
   "cell_type": "code",
   "execution_count": 42,
   "metadata": {},
   "outputs": [
    {
     "name": "stdout",
     "output_type": "stream",
     "text": [
      "{'access_token': 'eyJ0eXAiOiJKV1QiLCJhbGciOiJIUzI1NiJ9.eyJ1c2VyX2VtYWlsIjoic2VyZ2lvQHFhcGl0YW4uY29tIiwiZXhwIjoxNjQ0MjQ4NjYzfQ.6KyzHNkr5TDftRVvOn_T-lfWyP1zpaOx5kjZ1A9c930'}\n"
     ]
    }
   ],
   "source": [
    "print(response_json)"
   ]
  },
  {
   "cell_type": "code",
   "execution_count": 43,
   "metadata": {},
   "outputs": [],
   "source": [
    "access_token = response_json['access_token']\n",
    "header = {'Authorization': 'Bearer ' + access_token}"
   ]
  },
  {
   "cell_type": "code",
   "execution_count": 44,
   "metadata": {},
   "outputs": [
    {
     "name": "stdout",
     "output_type": "stream",
     "text": [
      "{'Authorization': 'Bearer eyJ0eXAiOiJKV1QiLCJhbGciOiJIUzI1NiJ9.eyJ1c2VyX2VtYWlsIjoic2VyZ2lvQHFhcGl0YW4uY29tIiwiZXhwIjoxNjQ0MjQ4NjYzfQ.6KyzHNkr5TDftRVvOn_T-lfWyP1zpaOx5kjZ1A9c930'}\n"
     ]
    }
   ],
   "source": [
    "print(header)"
   ]
  },
  {
   "cell_type": "code",
   "execution_count": 45,
   "metadata": {},
   "outputs": [],
   "source": [
    "response_jobs = requests.get(QAPITAN_PUBLIC_API + \"/results\", headers=header)\n",
    "response_json_jobs = response_jobs.json()"
   ]
  },
  {
   "cell_type": "code",
   "execution_count": 46,
   "metadata": {},
   "outputs": [
    {
     "name": "stdout",
     "output_type": "stream",
     "text": [
      "{'job': {'SCWC8TTV2YH3': {'status': 'FINISHED', 'started_at': '02/07/2022, 12:51:28', 'end_at': '02/07/2022, 12:52:55', 'executions': {'qapitan-solver-qrng': {'started_at': '', 'end_at': '02/07/2022, 12:52:45', 'status': 'SUCCESS', 'data': {'size': 20}, 'arguments': '', 'result': ''}}}, 'OA0301BIVF5D': {'status': 'FINISHED', 'started_at': '02/07/2022, 12:51:19', 'end_at': '02/07/2022, 12:52:48', 'executions': {'qapitan-solver-qrng': {'started_at': '', 'end_at': '02/07/2022, 12:52:37', 'status': 'SUCCESS', 'data': {'size': 20}, 'arguments': '', 'result': ''}}}, 'J6YHFI0WF9AC': {'status': 'FINISHED', 'started_at': '02/07/2022, 12:50:59', 'end_at': '02/07/2022, 12:52:26', 'executions': {'qapitan-solver-qrng': {'started_at': '', 'end_at': '02/07/2022, 12:52:16', 'status': 'SUCCESS', 'data': {'size': 20}, 'arguments': '', 'result': ''}}}, 'IPT832VR1F8M': {'status': 'FINISHED', 'started_at': '02/07/2022, 12:49:33', 'end_at': '02/07/2022, 12:51:18', 'executions': {'Solver_Qapitan_QUBO_Framework-Tsp-annealing_sim-dwave-local': {'started_at': '', 'end_at': '02/07/2022, 12:51:06', 'status': 'SUCCESS', 'data': {'number_nodes': 9, 'weight_matrix': [[-1.0, 0.09289059870225279, 0.04694935086215485, 0.8195861037747975, 0.20610242983222274, 0.1498415035975667, 0.1622186663260687, 0.11061985338530295, 0.6393368646950608], [0.09289059870225279, -1.0, 0.07876878065960505, 0.8718562725582267, 0.13016339973564436, 0.22320362091321186, 0.09438196495830917, 0.030433923411009905, 0.5531225417393407], [0.04694935086215485, 0.07876878065960505, -1.0, 0.8005577500884856, 0.20725094940209693, 0.14443751545976988, 0.16753415181952686, 0.08337944844717388, 0.6022864920603299], [0.8195861037747975, 0.8718562725582267, 0.8005577500884856, -1.0, 1.0, 0.6716120211410961, 0.9659752131950057, 0.8580411400375106, 0.9784418065294282], [0.20610242983222274, 0.13016339973564436, 0.20725094940209693, 1.0, -1.0, 0.3503457718059237, 0.04513758926685109, 0.1420212668742666, 0.5146943773650066], [0.1498415035975667, 0.22320362091321186, 0.14443751545976988, 0.6716120211410961, 0.3503457718059237, -1.0, 0.30858426858733434, 0.22427634920329909, 0.7020701942643061], [0.1622186663260687, 0.09438196495830917, 0.16753415181952686, 0.9659752131950057, 0.04513758926685109, 0.30858426858733434, -1.0, 0.11321023669429185, 0.54646186358124], [0.11061985338530295, 0.030433923411009905, 0.08337944844717388, 0.8580411400375106, 0.1420212668742666, 0.22427634920329909, 0.11321023669429185, -1.0, 0.52959167230549], [0.6393368646950608, 0.5531225417393407, 0.6022864920603299, 0.9784418065294282, 0.5146943773650066, 0.7020701942643061, 0.54646186358124, 0.52959167230549, -1.0]], 'first_node': 3}, 'arguments': {}, 'result': ''}}}, 'MHJCAG7UQM5X': {'status': 'ERROR', 'started_at': '02/07/2022, 12:48:57', 'end_at': '02/07/2022, 12:48:57', 'executions': {}}}}\n"
     ]
    }
   ],
   "source": [
    "print(response_json_jobs)"
   ]
  },
  {
   "cell_type": "code",
   "execution_count": 49,
   "metadata": {},
   "outputs": [],
   "source": [
    "job_name = \"SCWC8TTV2YH3\"\n",
    "response_job = requests.get(QAPITAN_PUBLIC_API + \"/job/\" + job_name, headers=header)\n",
    "response_json_job = response_job.json()"
   ]
  },
  {
   "cell_type": "code",
   "execution_count": 50,
   "metadata": {},
   "outputs": [
    {
     "name": "stdout",
     "output_type": "stream",
     "text": [
      "{'job': {'SCWC8TTV2YH3': {'status': 'FINISHED', 'started_at': '02/07/2022, 12:51:28', 'end_at': '02/07/2022, 12:52:55', 'executions': {'qapitan-solver-qrng': {'started_at': '', 'end_at': '02/07/2022, 12:52:45', 'status': 'SUCCESS', 'data': {'size': 20}, 'arguments': '', 'result': ''}}}}}\n"
     ]
    }
   ],
   "source": [
    "print(response_json_job)"
   ]
  },
  {
   "cell_type": "code",
   "execution_count": null,
   "metadata": {},
   "outputs": [],
   "source": []
  }
 ],
 "metadata": {
  "interpreter": {
   "hash": "1e5366f5d7ab9e8029fecb4dc2357caf5baebd045e63e09a01f53b8832049681"
  },
  "kernelspec": {
   "display_name": "Python 3.8.8 64-bit ('qiskit24': conda)",
   "language": "python",
   "name": "python3"
  },
  "language_info": {
   "codemirror_mode": {
    "name": "ipython",
    "version": 3
   },
   "file_extension": ".py",
   "mimetype": "text/x-python",
   "name": "python",
   "nbconvert_exporter": "python",
   "pygments_lexer": "ipython3",
   "version": "3.8.8"
  },
  "orig_nbformat": 4
 },
 "nbformat": 4,
 "nbformat_minor": 2
}
