{
 "cells": [
  {
   "cell_type": "code",
   "execution_count": 1,
   "metadata": {},
   "outputs": [],
   "source": [
    "import requests\n",
    "import json"
   ]
  },
  {
   "cell_type": "code",
   "execution_count": 2,
   "metadata": {},
   "outputs": [],
   "source": [
    "# Get your private endpoint and credentials from our team - info@qapitan.com\n",
    "QAPITAN_PUBLIC_API = \"https://a52um7l0kf.execute-api.us-east-1.amazonaws.com/prd/\"\n",
    "PAYLOAD_USER = {\"username\": \"sergio@qapitan.com\", \"password\": \"qapitan\"}"
   ]
  },
  {
   "cell_type": "code",
   "execution_count": 3,
   "metadata": {},
   "outputs": [],
   "source": [
    "# This problem only admits one parameter. The size of the bitstring to randomly generate\n",
    "PAYLOAD_QRNG = {\n",
    "    \"data\": {\n",
    "        \"size\": 20\n",
    "    }\n",
    "}"
   ]
  },
  {
   "cell_type": "code",
   "execution_count": 4,
   "metadata": {},
   "outputs": [],
   "source": [
    "response = requests.post(QAPITAN_PUBLIC_API + '/login', json=PAYLOAD_USER)\n",
    "response_json = response.json()"
   ]
  },
  {
   "cell_type": "code",
   "execution_count": 5,
   "metadata": {},
   "outputs": [
    {
     "name": "stdout",
     "output_type": "stream",
     "text": [
      "{'access_token': 'eyJ0eXAiOiJKV1QiLCJhbGciOiJIUzI1NiJ9.eyJ1c2VyX2VtYWlsIjoic2VyZ2lvQHFhcGl0YW4uY29tIiwiZXhwIjoxNjQ0NjkzMjU2fQ.UzFR-iloyFPUoIQW09v6YjKr9DjnAV4MYf-XwjDz_e0'}\n"
     ]
    }
   ],
   "source": [
    "print(response_json)"
   ]
  },
  {
   "cell_type": "code",
   "execution_count": 7,
   "metadata": {},
   "outputs": [],
   "source": [
    "access_token = response_json['access_token']\n",
    "header = {'Authorization': 'Bearer ' + access_token}"
   ]
  },
  {
   "cell_type": "code",
   "execution_count": 8,
   "metadata": {},
   "outputs": [
    {
     "name": "stdout",
     "output_type": "stream",
     "text": [
      "{'Authorization': 'Bearer eyJ0eXAiOiJKV1QiLCJhbGciOiJIUzI1NiJ9.eyJ1c2VyX2VtYWlsIjoic2VyZ2lvQHFhcGl0YW4uY29tIiwiZXhwIjoxNjQ0NjkzMjU2fQ.UzFR-iloyFPUoIQW09v6YjKr9DjnAV4MYf-XwjDz_e0'}\n"
     ]
    }
   ],
   "source": [
    "print(header)"
   ]
  },
  {
   "cell_type": "code",
   "execution_count": 9,
   "metadata": {},
   "outputs": [],
   "source": [
    "response_jobs = requests.get(QAPITAN_PUBLIC_API + \"/results\", headers=header)\n",
    "response_json_jobs = response_jobs.json()"
   ]
  },
  {
   "cell_type": "code",
   "execution_count": 10,
   "metadata": {},
   "outputs": [
    {
     "name": "stdout",
     "output_type": "stream",
     "text": [
      "{'results': {'OIGH9ES49YCK': {'status': 'ERROR', 'started_at': '02/10/2022, 13:21:04', 'end_at': '02/10/2022, 13:22:47', 'executions': {'qapitan-solver-expectedshortfall': {'started_at': '', 'end_at': '02/10/2022, 13:22:35', 'status': 'ERROR', 'data': {'loans': [[0.15, 0.1, 100000], [0.25, 0.05, 200000], [0.2, 0.07, 300000], [0.02, 0.01, 400000]], 'alpha': 0.03}, 'arguments': '', 'result': \"'No IBM Quantum Experience credentials found.'\"}}}, 'AKBKTYUVT6EM': {'status': 'ERROR', 'started_at': '02/10/2022, 14:24:04', 'end_at': '02/10/2022, 14:25:44', 'executions': {'qapitan-solver-expectedshortfall': {'started_at': '', 'end_at': '02/10/2022, 14:25:52', 'status': 'ERROR', 'data': {'loans': [[0.15, 0.1, 100000], [0.25, 0.05, 200000], [0.2, 0.07, 300000], [0.02, 0.01, 400000]], 'alpha': 0.03}, 'arguments': '', 'result': \"'No IBM Quantum Experience credentials found.'\"}}}, 'PE0SJ5GACF9X': {'status': 'ERROR', 'started_at': '02/10/2022, 15:06:38', 'end_at': '02/10/2022, 15:08:39', 'executions': {'Solver_Qapitan_QUBO_Framework-Maxcut-annealing_sim-dwave-local': {'started_at': '', 'end_at': '02/10/2022, 15:08:26', 'status': 'ERROR', 'data': {'edges': [[0, 1], [0, 2], [1, 3], [2, 3], [1, 4], [3, 4]]}, 'arguments': '', 'result': 'Object of type int8 is not JSON serializable'}}}, 'A0KLMKRUAVG2': {'status': 'ERROR', 'started_at': '02/10/2022, 18:24:21', 'end_at': '02/10/2022, 18:37:38', 'executions': {'qapitan-solver-expectedshortfall': {'started_at': '', 'end_at': '02/10/2022, 18:37:26', 'status': 'ERROR', 'data': {'loans': [[0.15, 0.1, 100000], [0.25, 0.05, 200000], [0.2, 0.07, 300000], [0.02, 0.01, 400000]], 'alpha': 0.03}, 'arguments': '', 'result': 'Object of type int64 is not JSON serializable'}}}, 'Z0JMH6FGFEBI': {'status': 'ERROR', 'started_at': '02/10/2022, 18:40:38', 'end_at': '02/10/2022, 18:42:22', 'executions': {'Solver_Qapitan_QUBO_Framework-Maxcut-annealing_sim-dwave-local': {'started_at': '', 'end_at': '02/10/2022, 18:42:12', 'status': 'ERROR', 'data': {'edges': [[0, 1], [0, 2], [1, 3], [2, 3], [1, 4], [3, 4]]}, 'arguments': '', 'result': 'Object of type int8 is not JSON serializable'}}}, '0O85YX26GQJ3': {'status': 'ERROR', 'started_at': '02/10/2022, 18:54:04', 'end_at': '02/10/2022, 19:04:50', 'executions': {'qapitan-solver-expectedshortfall': {'started_at': '', 'end_at': '02/10/2022, 19:04:38', 'status': 'ERROR', 'data': {'loans': [[0.15, 0.1, 100000], [0.25, 0.05, 200000], [0.2, 0.07, 300000], [0.02, 0.01, 400000]], 'alpha': 0.03}, 'arguments': '', 'result': 'Object of type int64 is not JSON serializable'}}}, 'QUMHQEXJ0YH3': {'status': 'FINISHED', 'started_at': '02/10/2022, 21:33:23', 'end_at': '02/10/2022, 21:35:08', 'executions': {'Solver_Qapitan_QUBO_Framework-Maxcut-annealing_sim-dwave-local': {'started_at': '', 'end_at': '02/10/2022, 21:34:56', 'status': 'SUCCESS', 'data': {'edges': [[0, 1], [0, 2], [1, 3], [2, 3], [1, 4], [3, 4]]}, 'arguments': '', 'result': [[1, 0, 0, 1, 0], [-5, -0.22727272727272727]]}}}, 'E3L4LR91M0AV': {'status': 'FINISHED', 'started_at': '02/10/2022, 21:44:28', 'end_at': '02/10/2022, 21:46:09', 'executions': {'Solver_Qapitan_QUBO_Framework-Maxcut-annealing_sim-dwave-local': {'started_at': '', 'end_at': '02/10/2022, 21:45:57', 'status': 'SUCCESS', 'data': {'edges': [[0, 1], [0, 2], [1, 3], [2, 3], [2, 4], [3, 4]]}, 'arguments': '', 'result': [[0, 1, 1, 0, 0], [-5, -0.22727272727272727]]}}}, 'SJ8VFPMQRBZ4': {'status': 'ERROR', 'started_at': '02/10/2022, 21:44:52', 'end_at': '02/10/2022, 21:46:21', 'executions': {'Solver_Qapitan_QUBO_Framework-Tsp-annealing_sim-dwave-local': {'started_at': '', 'end_at': '02/10/2022, 21:46:11', 'status': 'ERROR', 'data': {'number_nodes': 9, 'weight_matrix': [[-1.0, 0.0928905987022528, 0.04694935086215485, 0.8195861037747975, 0.20610242983222293, 0.14984150359756676, 0.16221866632606863, 0.11061985338530292, 0.6393368646950607], [0.0928905987022528, -1.0, 0.07876878065960502, 0.871856272558227, 0.1301633997356444, 0.22320362091321194, 0.09438196495830918, 0.03043392341100998, 0.5531225417393408], [0.04694935086215485, 0.07876878065960502, -1.0, 0.8005577500884857, 0.20725094940209698, 0.1444375154597699, 0.16753415181952686, 0.08337944844717389, 0.60228649206033], [0.8195861037747975, 0.871856272558227, 0.8005577500884857, -1.0, 1.0, 0.6716120211410962, 0.9659752131950059, 0.8580411400375108, 0.9784418065294282], [0.20610242983222293, 0.1301633997356444, 0.20725094940209698, 1.0, -1.0, 0.3503457718059238, 0.04513758926685113, 0.1420212668742666, 0.5146943773650063], [0.14984150359756676, 0.22320362091321194, 0.1444375154597699, 0.6716120211410962, 0.3503457718059238, -1.0, 0.3085842685873344, 0.22427634920329914, 0.7020701942643062], [0.16221866632606863, 0.09438196495830918, 0.16753415181952686, 0.9659752131950059, 0.04513758926685113, 0.3085842685873344, -1.0, 0.11321023669429198, 0.5464618635812399], [0.11061985338530292, 0.03043392341100998, 0.08337944844717389, 0.8580411400375108, 0.1420212668742666, 0.22427634920329914, 0.11321023669429198, -1.0, 0.5295916723054901], [0.6393368646950607, 0.5531225417393408, 0.60228649206033, 0.9784418065294282, 0.5146943773650063, 0.7020701942643062, 0.5464618635812399, 0.5295916723054901, -1.0]], 'first_node': 3}, 'arguments': {}, 'result': '[] is not in list'}}}, 'R1QPOOOOH9GE': {'status': 'FINISHED', 'started_at': '02/11/2022, 06:17:30', 'end_at': '02/11/2022, 06:19:14', 'executions': {'Solver_Qapitan_QUBO_Framework-Tsp-annealing_sim-dwave-local': {'started_at': '', 'end_at': '02/11/2022, 06:19:02', 'status': 'SUCCESS', 'data': {'number_nodes': 9, 'weight_matrix': [[-1.0, 0.0928905987022528, 0.04694935086215485, 0.8195861037747975, 0.20610242983222293, 0.14984150359756676, 0.16221866632606863, 0.11061985338530292, 0.6393368646950607], [0.0928905987022528, -1.0, 0.07876878065960502, 0.871856272558227, 0.1301633997356444, 0.22320362091321194, 0.09438196495830918, 0.03043392341100998, 0.5531225417393408], [0.04694935086215485, 0.07876878065960502, -1.0, 0.8005577500884857, 0.20725094940209698, 0.1444375154597699, 0.16753415181952686, 0.08337944844717389, 0.60228649206033], [0.8195861037747975, 0.871856272558227, 0.8005577500884857, -1.0, 1.0, 0.6716120211410962, 0.9659752131950059, 0.8580411400375108, 0.9784418065294282], [0.20610242983222293, 0.1301633997356444, 0.20725094940209698, 1.0, -1.0, 0.3503457718059238, 0.04513758926685113, 0.1420212668742666, 0.5146943773650063], [0.14984150359756676, 0.22320362091321194, 0.1444375154597699, 0.6716120211410962, 0.3503457718059238, -1.0, 0.3085842685873344, 0.22427634920329914, 0.7020701942643062], [0.16221866632606863, 0.09438196495830918, 0.16753415181952686, 0.9659752131950059, 0.04513758926685113, 0.3085842685873344, -1.0, 0.11321023669429198, 0.5464618635812399], [0.11061985338530292, 0.03043392341100998, 0.08337944844717389, 0.8580411400375108, 0.1420212668742666, 0.22427634920329914, 0.11321023669429198, -1.0, 0.5295916723054901], [0.6393368646950607, 0.5531225417393408, 0.60228649206033, 0.9784418065294282, 0.5146943773650063, 0.7020701942643062, 0.5464618635812399, 0.5295916723054901, -1.0]], 'first_node': 3}, 'arguments': {}, 'result': [[3, 8, 6, 2, 4, 5, 7, 1, 0, 3], [3.4172215182295753, 3.4172215182295753]]}}}}, 'total': 23, 'count': 10, 'pagination': {'previous': None, 'next': '/results?page_num=2&page_size=10'}}\n"
     ]
    }
   ],
   "source": [
    "print(response_json_jobs)"
   ]
  },
  {
   "cell_type": "code",
   "execution_count": 10,
   "metadata": {},
   "outputs": [],
   "source": [
    "job_name = \"SCWC8TTV2YH3\"\n",
    "response_job = requests.get(QAPITAN_PUBLIC_API + \"/job/\" + job_name, headers=header)\n",
    "response_json_job = response_job.json()"
   ]
  },
  {
   "cell_type": "code",
   "execution_count": 11,
   "metadata": {},
   "outputs": [
    {
     "name": "stdout",
     "output_type": "stream",
     "text": [
      "{'job': {'SCWC8TTV2YH3': {'status': 'FINISHED', 'started_at': '02/07/2022, 12:51:28', 'end_at': '02/07/2022, 12:52:55', 'executions': {'qapitan-solver-qrng': {'started_at': '', 'end_at': '02/07/2022, 12:52:45', 'status': 'SUCCESS', 'data': {'size': 20}, 'arguments': '', 'result': '01111001100101000000'}}}}}\n"
     ]
    }
   ],
   "source": [
    "print(response_json_job)"
   ]
  },
  {
   "cell_type": "code",
   "execution_count": null,
   "metadata": {},
   "outputs": [],
   "source": []
  }
 ],
 "metadata": {
  "interpreter": {
   "hash": "1e5366f5d7ab9e8029fecb4dc2357caf5baebd045e63e09a01f53b8832049681"
  },
  "kernelspec": {
   "display_name": "Python 3",
   "language": "python",
   "name": "python3"
  },
  "language_info": {
   "codemirror_mode": {
    "name": "ipython",
    "version": 3
   },
   "file_extension": ".py",
   "mimetype": "text/x-python",
   "name": "python",
   "nbconvert_exporter": "python",
   "pygments_lexer": "ipython3",
   "version": "3.8.5"
  }
 },
 "nbformat": 4,
 "nbformat_minor": 2
}
