{
 "cells": [
  {
   "cell_type": "markdown",
   "metadata": {},
   "source": [
    "# Quantum Random Number Generator"
   ]
  },
  {
   "cell_type": "markdown",
   "metadata": {},
   "source": [
    "Easiest example on how to use the Qapitan Platform for the Quantum Random Number Generation"
   ]
  },
  {
   "cell_type": "code",
   "execution_count": 21,
   "metadata": {},
   "outputs": [],
   "source": [
    "# Import some auxiliary packages. Make sure that all packages are installed\n",
    "from Qapitan import Qapitan\n",
    "import time\n",
    "from IPython.display import display, clear_output"
   ]
  },
  {
   "cell_type": "code",
   "execution_count": 22,
   "metadata": {},
   "outputs": [],
   "source": [
    "# Get your private endpoint and credentials from our team - info@qapitan.com\n",
    "QAPITAN_PUBLIC_API = \"https://a52um7l0kf.execute-api.us-east-1.amazonaws.com/prd/\"\n",
    "PAYLOAD_USER = {\"username\": \"sergio@qapitan.com\", \"password\": \"qapitan\"}"
   ]
  },
  {
   "cell_type": "code",
   "execution_count": 23,
   "metadata": {},
   "outputs": [],
   "source": [
    "# This problem only admits one parameter. The size of the bitstring to randomly generate\n",
    "PAYLOAD_QRNG = {\n",
    "    \"data\": {\n",
    "        \"size\": 20\n",
    "    }\n",
    "}"
   ]
  },
  {
   "cell_type": "code",
   "execution_count": 24,
   "metadata": {},
   "outputs": [
    {
     "name": "stdout",
     "output_type": "stream",
     "text": [
      "{'username': 'sergio@qapitan.com', 'password': 'qapitan'}\n"
     ]
    }
   ],
   "source": [
    "qapitan_api = Qapitan(QAPITAN_PUBLIC_API, PAYLOAD_USER)"
   ]
  },
  {
   "cell_type": "code",
   "execution_count": 25,
   "metadata": {},
   "outputs": [
    {
     "name": "stdout",
     "output_type": "stream",
     "text": [
      "{'access_token': 'eyJ0eXAiOiJKV1QiLCJhbGciOiJIUzI1NiJ9.eyJ1c2VyX2VtYWlsIjoic2VyZ2lvQHFhcGl0YW4uY29tIiwiZXhwIjoxNjQ0MjU0NDgwfQ.IjJ06FDQJM_eUlrk-LedoY0HZckav6bGHChDgsuS9sc'}\n"
     ]
    }
   ],
   "source": [
    "header = qapitan_api.login()"
   ]
  },
  {
   "cell_type": "code",
   "execution_count": 26,
   "metadata": {},
   "outputs": [
    {
     "name": "stdout",
     "output_type": "stream",
     "text": [
      "{'Authorization': 'Bearer eyJ0eXAiOiJKV1QiLCJhbGciOiJIUzI1NiJ9.eyJ1c2VyX2VtYWlsIjoic2VyZ2lvQHFhcGl0YW4uY29tIiwiZXhwIjoxNjQ0MjU0NDgwfQ.IjJ06FDQJM_eUlrk-LedoY0HZckav6bGHChDgsuS9sc'}\n"
     ]
    }
   ],
   "source": [
    "print(header)"
   ]
  },
  {
   "cell_type": "code",
   "execution_count": 27,
   "metadata": {},
   "outputs": [
    {
     "name": "stdout",
     "output_type": "stream",
     "text": [
      "5BXQW1YNRMB0\n"
     ]
    }
   ],
   "source": [
    "response_json = qapitan_api.execute(header=header, problem='qrng', payload=PAYLOAD_QRNG)\n",
    "job_id = response_json['job']\n",
    "print(job_id)"
   ]
  },
  {
   "cell_type": "code",
   "execution_count": 28,
   "metadata": {},
   "outputs": [
    {
     "name": "stdout",
     "output_type": "stream",
     "text": [
      "Execution Result:\n",
      "{'status': 'FINISHED', 'started_at': '02/07/2022, 16:21:21', 'end_at': '02/07/2022, 16:22:51', 'executions': {'qapitan-solver-qrng': {'started_at': '', 'end_at': '02/07/2022, 16:22:38', 'status': 'SUCCESS', 'data': {'size': 20}, 'arguments': '', 'result': '11001111111110101111'}}}\n"
     ]
    }
   ],
   "source": [
    "result = qapitan_api.get_result(header=header, job_name=response_json['job'])\n",
    "\n",
    "while(job_id not in result['job'] or result['job'][job_id]['status'] != 'FINISHED'):\n",
    "\tif(job_id in result['job']):\n",
    "\t\tdisplay(result['job'][job_id]['status'])\n",
    "\telse:\n",
    "\t\tdisplay('LOADING')\n",
    "\ttime.sleep(3)\n",
    "\tclear_output(wait=True)\n",
    "\tresult = qapitan_api.get_result(header=header, job_name=response_json['job'])\n",
    "\n",
    "clear_output(wait=True)\n",
    "# Print result\n",
    "print(\"Execution Result:\")\n",
    "print(result['job'][job_id])"
   ]
  },
  {
   "cell_type": "code",
   "execution_count": 29,
   "metadata": {},
   "outputs": [
    {
     "data": {
      "text/plain": [
       "'11001111111110101111'"
      ]
     },
     "execution_count": 29,
     "metadata": {},
     "output_type": "execute_result"
    }
   ],
   "source": [
    "qapitan_api.get_best_result(header, response_json['job'])"
   ]
  },
  {
   "cell_type": "code",
   "execution_count": 30,
   "metadata": {},
   "outputs": [
    {
     "name": "stdout",
     "output_type": "stream",
     "text": [
      "{'job': {'GQ2XIGWZC9VD': {'status': 'PENDING', 'started_at': '02/07/2022, 16:21:45', 'end_at': '', 'executions': {'Solver_Qapitan_QUBO_Framework-Tsp-annealing_sim-dwave-local': {'started_at': '', 'end_at': '', 'status': 'IN_PROGRESS', 'data': {'number_nodes': 9, 'weight_matrix': [[-1.0, 0.09289059870225279, 0.04694935086215485, 0.8195861037747975, 0.20610242983222274, 0.1498415035975667, 0.1622186663260687, 0.11061985338530295, 0.6393368646950608], [0.09289059870225279, -1.0, 0.07876878065960505, 0.8718562725582267, 0.13016339973564436, 0.22320362091321186, 0.09438196495830917, 0.030433923411009905, 0.5531225417393407], [0.04694935086215485, 0.07876878065960505, -1.0, 0.8005577500884856, 0.20725094940209693, 0.14443751545976988, 0.16753415181952686, 0.08337944844717388, 0.6022864920603299], [0.8195861037747975, 0.8718562725582267, 0.8005577500884856, -1.0, 1.0, 0.6716120211410961, 0.9659752131950057, 0.8580411400375106, 0.9784418065294282], [0.20610242983222274, 0.13016339973564436, 0.20725094940209693, 1.0, -1.0, 0.3503457718059237, 0.04513758926685109, 0.1420212668742666, 0.5146943773650066], [0.1498415035975667, 0.22320362091321186, 0.14443751545976988, 0.6716120211410961, 0.3503457718059237, -1.0, 0.30858426858733434, 0.22427634920329909, 0.7020701942643061], [0.1622186663260687, 0.09438196495830917, 0.16753415181952686, 0.9659752131950057, 0.04513758926685109, 0.30858426858733434, -1.0, 0.11321023669429185, 0.54646186358124], [0.11061985338530295, 0.030433923411009905, 0.08337944844717388, 0.8580411400375106, 0.1420212668742666, 0.22427634920329909, 0.11321023669429185, -1.0, 0.52959167230549], [0.6393368646950608, 0.5531225417393407, 0.6022864920603299, 0.9784418065294282, 0.5146943773650066, 0.7020701942643061, 0.54646186358124, 0.52959167230549, -1.0]], 'first_node': 3}, 'arguments': {}, 'result': ''}}}, '5BXQW1YNRMB0': {'status': 'FINISHED', 'started_at': '02/07/2022, 16:21:21', 'end_at': '02/07/2022, 16:22:51', 'executions': {'qapitan-solver-qrng': {'started_at': '', 'end_at': '02/07/2022, 16:22:38', 'status': 'SUCCESS', 'data': {'size': 20}, 'arguments': '', 'result': '11001111111110101111'}}}, '8QXB4DWGF7NR': {'status': 'FINISHED', 'started_at': '02/07/2022, 14:47:28', 'end_at': '02/07/2022, 14:48:57', 'executions': {'Solver_Qapitan_QUBO_Framework-Tsp-annealing_sim-dwave-local': {'started_at': '', 'end_at': '02/07/2022, 14:48:47', 'status': 'SUCCESS', 'data': {'number_nodes': 9, 'weight_matrix': [[-1.0, 0.09289059870225279, 0.04694935086215485, 0.8195861037747975, 0.20610242983222274, 0.1498415035975667, 0.1622186663260687, 0.11061985338530295, 0.6393368646950608], [0.09289059870225279, -1.0, 0.07876878065960505, 0.8718562725582267, 0.13016339973564436, 0.22320362091321186, 0.09438196495830917, 0.030433923411009905, 0.5531225417393407], [0.04694935086215485, 0.07876878065960505, -1.0, 0.8005577500884856, 0.20725094940209693, 0.14443751545976988, 0.16753415181952686, 0.08337944844717388, 0.6022864920603299], [0.8195861037747975, 0.8718562725582267, 0.8005577500884856, -1.0, 1.0, 0.6716120211410961, 0.9659752131950057, 0.8580411400375106, 0.9784418065294282], [0.20610242983222274, 0.13016339973564436, 0.20725094940209693, 1.0, -1.0, 0.3503457718059237, 0.04513758926685109, 0.1420212668742666, 0.5146943773650066], [0.1498415035975667, 0.22320362091321186, 0.14443751545976988, 0.6716120211410961, 0.3503457718059237, -1.0, 0.30858426858733434, 0.22427634920329909, 0.7020701942643061], [0.1622186663260687, 0.09438196495830917, 0.16753415181952686, 0.9659752131950057, 0.04513758926685109, 0.30858426858733434, -1.0, 0.11321023669429185, 0.54646186358124], [0.11061985338530295, 0.030433923411009905, 0.08337944844717388, 0.8580411400375106, 0.1420212668742666, 0.22427634920329909, 0.11321023669429185, -1.0, 0.52959167230549], [0.6393368646950608, 0.5531225417393407, 0.6022864920603299, 0.9784418065294282, 0.5146943773650066, 0.7020701942643061, 0.54646186358124, 0.52959167230549, -1.0]], 'first_node': 3}, 'arguments': {}, 'result': [[3, 0, 4, 6, 7, 5, 8, 1, 2, 3], [3.5428319755231996, 3.5428319755231996]]}}}, 'NQDFUY2X7XCE': {'status': 'FINISHED', 'started_at': '02/07/2022, 14:47:06', 'end_at': '02/07/2022, 14:48:46', 'executions': {'qapitan-solver-qrng': {'started_at': '', 'end_at': '02/07/2022, 14:48:34', 'status': 'SUCCESS', 'data': {'size': 20}, 'arguments': '', 'result': '00110111000000110010'}}}, 'SCWC8TTV2YH3': {'status': 'FINISHED', 'started_at': '02/07/2022, 12:51:28', 'end_at': '02/07/2022, 12:52:55', 'executions': {'qapitan-solver-qrng': {'started_at': '', 'end_at': '02/07/2022, 12:52:45', 'status': 'SUCCESS', 'data': {'size': 20}, 'arguments': '', 'result': '01111001100101000000'}}}, 'OA0301BIVF5D': {'status': 'FINISHED', 'started_at': '02/07/2022, 12:51:19', 'end_at': '02/07/2022, 12:52:48', 'executions': {'qapitan-solver-qrng': {'started_at': '', 'end_at': '02/07/2022, 12:52:37', 'status': 'SUCCESS', 'data': {'size': 20}, 'arguments': '', 'result': '00101011101100001111'}}}, 'J6YHFI0WF9AC': {'status': 'FINISHED', 'started_at': '02/07/2022, 12:50:59', 'end_at': '02/07/2022, 12:52:26', 'executions': {'qapitan-solver-qrng': {'started_at': '', 'end_at': '02/07/2022, 12:52:16', 'status': 'SUCCESS', 'data': {'size': 20}, 'arguments': '', 'result': '10111101001101100100'}}}, 'IPT832VR1F8M': {'status': 'FINISHED', 'started_at': '02/07/2022, 12:49:33', 'end_at': '02/07/2022, 12:51:18', 'executions': {'Solver_Qapitan_QUBO_Framework-Tsp-annealing_sim-dwave-local': {'started_at': '', 'end_at': '02/07/2022, 12:51:06', 'status': 'SUCCESS', 'data': {'number_nodes': 9, 'weight_matrix': [[-1.0, 0.09289059870225279, 0.04694935086215485, 0.8195861037747975, 0.20610242983222274, 0.1498415035975667, 0.1622186663260687, 0.11061985338530295, 0.6393368646950608], [0.09289059870225279, -1.0, 0.07876878065960505, 0.8718562725582267, 0.13016339973564436, 0.22320362091321186, 0.09438196495830917, 0.030433923411009905, 0.5531225417393407], [0.04694935086215485, 0.07876878065960505, -1.0, 0.8005577500884856, 0.20725094940209693, 0.14443751545976988, 0.16753415181952686, 0.08337944844717388, 0.6022864920603299], [0.8195861037747975, 0.8718562725582267, 0.8005577500884856, -1.0, 1.0, 0.6716120211410961, 0.9659752131950057, 0.8580411400375106, 0.9784418065294282], [0.20610242983222274, 0.13016339973564436, 0.20725094940209693, 1.0, -1.0, 0.3503457718059237, 0.04513758926685109, 0.1420212668742666, 0.5146943773650066], [0.1498415035975667, 0.22320362091321186, 0.14443751545976988, 0.6716120211410961, 0.3503457718059237, -1.0, 0.30858426858733434, 0.22427634920329909, 0.7020701942643061], [0.1622186663260687, 0.09438196495830917, 0.16753415181952686, 0.9659752131950057, 0.04513758926685109, 0.30858426858733434, -1.0, 0.11321023669429185, 0.54646186358124], [0.11061985338530295, 0.030433923411009905, 0.08337944844717388, 0.8580411400375106, 0.1420212668742666, 0.22427634920329909, 0.11321023669429185, -1.0, 0.52959167230549], [0.6393368646950608, 0.5531225417393407, 0.6022864920603299, 0.9784418065294282, 0.5146943773650066, 0.7020701942643061, 0.54646186358124, 0.52959167230549, -1.0]], 'first_node': 3}, 'arguments': {}, 'result': [[3, 7, 8, 4, 5, 2, 0, 1, 6, 3], [3.597307604691423, 3.597307604691423]]}}}, 'MHJCAG7UQM5X': {'status': 'ERROR', 'started_at': '02/07/2022, 12:48:57', 'end_at': '02/07/2022, 12:48:57', 'executions': {}}}}\n"
     ]
    }
   ],
   "source": [
    "all_results = qapitan_api.get_results(header)\n",
    "print(all_results)"
   ]
  },
  {
   "cell_type": "code",
   "execution_count": null,
   "metadata": {},
   "outputs": [],
   "source": []
  }
 ],
 "metadata": {
  "interpreter": {
   "hash": "1e18502cbe4e9a957e25854f40bca2fddafc6b06b306f48e68b76192cd062114"
  },
  "kernelspec": {
   "display_name": "Python 3",
   "language": "python",
   "name": "python3"
  },
  "language_info": {
   "codemirror_mode": {
    "name": "ipython",
    "version": 3
   },
   "file_extension": ".py",
   "mimetype": "text/x-python",
   "name": "python",
   "nbconvert_exporter": "python",
   "pygments_lexer": "ipython3",
   "version": "3.8.8"
  }
 },
 "nbformat": 4,
 "nbformat_minor": 4
}
